Boshed,THF,01/26/2025,13:23:27,Bostaunieux_Oubliette,Bloodsucker
Clynt,THF,01/26/2025,13:23:27,Bostaunieux_Oubliette,Bloodsucker
Dooter,RDM,01/26/2025,13:23:27,Bostaunieux_Oubliette,Bloodsucker
Goji,NONE,01/26/2025,13:23:27,Bostaunieux_Oubliette,Bloodsucker
Hatashy,BST,01/26/2025,13:23:27,Bostaunieux_Oubliette,Bloodsucker
Kashmere,BRD,01/26/2025,13:23:27,Bostaunieux_Oubliette,Bloodsucker
Kersed,RDM,01/26/2025,13:23:27,Bostaunieux_Oubliette,Bloodsucker
Kottonmouth,BLM,01/26/2025,13:23:27,Bostaunieux_Oubliette,Bloodsucker
Neon,RDM,01/26/2025,13:23:27,Bostaunieux_Oubliette,Bloodsucker
Nicoqp,BST,01/26/2025,13:23:27,Bostaunieux_Oubliette,Bloodsucker
Nils,THF,01/26/2025,13:23:27,Bostaunieux_Oubliette,Bloodsucker
Pringles,BLM,01/26/2025,13:23:27,Bostaunieux_Oubliette,Bloodsucker
Rraken,THF,01/26/2025,13:23:27,Bostaunieux_Oubliette,Bloodsucker
